#if (JHW_TYPE==IETH802)
unsigned char serverpem[] = {
     45, 45, 45, 45, 45, 66, 69, 71, 73, 78, 32, 67, 69, 82, 84, 73,
     70, 73, 67, 65, 84, 69, 45, 45, 45, 45, 45, 10, 77, 73, 73, 67,
     47, 68, 67, 67, 65,109, 87,103, 65,119, 73, 66, 65,103, 73, 66,
     65, 84, 65, 78, 66,103,107,113,104,107,105, 71, 57,119, 48, 66,
     65, 81, 85, 70, 65, 68, 67, 66,106,122, 69, 76, 77, 65,107, 71,
     65, 49, 85, 69, 66,104, 77, 67, 81, 48, 52,120, 10, 67,122, 65,
     74, 66,103, 78, 86, 66, 65,103, 84, 65,107,100, 69, 77, 81,115,
    119, 67, 81, 89, 68, 86, 81, 81, 72, 69,119, 74, 84, 87,106, 69,
     88, 77, 66, 85, 71, 65, 49, 85, 69, 67,104, 77, 79, 82, 48, 57,
     77, 82, 69, 86, 79, 73, 69,104, 74, 82, 48,104, 88, 10, 81, 86,
    107,120, 70, 68, 65, 83, 66,103, 78, 86, 66, 65,115, 84, 67, 48,
     82,108,100,109, 86,115, 98, 51, 66,116, 90, 87, 53, 48, 77, 82,
     99,119, 70, 81, 89, 68, 86, 81, 81, 68, 69,119, 53, 72, 84, 48,
    120, 69, 82, 85, 52,103, 83, 69,108, 72, 83, 70,100, 66, 10, 87,
     84, 69,101, 77, 66,119, 71, 67, 83,113, 71, 83, 73, 98, 51, 68,
     81, 69, 74, 65, 82, 89, 80, 98, 87, 70,112, 98, 69, 66,113, 97,
     72, 99,117, 89, 50, 57,116, 76,109, 78,117, 77, 66, 52, 88, 68,
     84, 65, 53, 77, 68, 89,119, 78, 68, 65, 52, 77,122, 85,119, 10,
     79, 70,111, 88, 68, 84, 69, 53, 77, 68, 89,119, 77,106, 65, 52,
     77,122, 85,119, 79, 70,111,119,101,122, 69, 76, 77, 65,107, 71,
     65, 49, 85, 69, 66,104, 77, 67, 81, 48, 52,120, 67,122, 65, 74,
     66,103, 78, 86, 66, 65,103, 84, 65,107,100, 69, 77, 82, 99,119,
     10, 70, 81, 89, 68, 86, 81, 81, 75, 69,119, 53, 72, 84, 48,120,
     69, 82, 85, 52,103, 83, 69,108, 72, 83, 70,100, 66, 87, 84, 69,
     85, 77, 66, 73, 71, 65, 49, 85, 69, 67,120, 77, 76, 82, 71, 86,
     50, 90, 87,120,118, 99, 71, 49,108, 98,110, 81,120, 69, 68, 65,
     79, 10, 66,103, 78, 86, 66, 65, 77, 84, 66, 48,108, 70, 86, 69,
    103, 52, 77, 68, 73,120, 72,106, 65, 99, 66,103,107,113,104,107,
    105, 71, 57,119, 48, 66, 67, 81, 69, 87, 68, 50, 49,104, 97, 87,
    120, 65, 97,109,104, 51, 76,109, 78,118, 98, 83, 53,106, 98,106,
     67, 66, 10,110,122, 65, 78, 66,103,107,113,104,107,105, 71, 57,
    119, 48, 66, 65, 81, 69, 70, 65, 65, 79, 66,106, 81, 65,119,103,
     89,107, 67,103, 89, 69, 65,120, 81, 78,112, 56, 78, 97, 76, 87,
    111,122,121, 52, 80, 87,107, 86,119, 87, 70, 43,106,109, 88, 65,
     88, 50, 89, 10,112, 90, 68,113, 54,122,112,100,107,109,107, 75,
    117, 43, 86,116,101, 50,103, 84, 56, 67,114, 88, 85, 70,116, 52,
     56,103, 81, 74, 74, 51, 50, 51,119, 86,103, 85, 90,100,108, 70,
     81,101, 77, 85, 76,103, 86,107,108,107, 83,105,108, 86, 57, 87,
     48, 86, 79,107, 10,118,114,115,108, 78, 47,107,105, 78, 47, 48,
     55, 67, 52,107,110, 70, 80,117, 55, 85,118, 72, 90, 50, 77,118,
    109, 97,101, 49,104, 80, 52,111, 90, 81, 81,118, 97,105, 65, 97,
     53,101,113,102, 53, 52, 99, 80, 55, 56, 90,116, 76, 97,111, 67,
     68, 51,112, 71,121, 10,120,106, 51, 66,116, 74,102, 86,104, 57,
     49, 67,119, 89,107, 67, 65,119, 69, 65, 65, 97, 78, 55, 77, 72,
    107,119, 67, 81, 89, 68, 86, 82, 48, 84, 66, 65, 73,119, 65, 68,
     65,115, 66,103,108,103,104,107,103, 66,104,118,104, 67, 65, 81,
     48, 69, 72,120, 89,100, 10, 84, 51, 66,108, 98,108, 78, 84, 84,
     67, 66, 72, 90, 87, 53,108, 99,109, 70, 48, 90, 87, 81,103, 81,
     50, 86,121,100, 71,108,109, 97, 87, 78,104,100, 71, 85,119, 72,
     81, 89, 68, 86, 82, 48, 79, 66, 66, 89, 69, 70, 65, 88, 49, 87,
    101,114,114, 81,111, 66,105, 10,111, 56, 65,117, 48, 77,112,100,
     70, 69, 70, 68, 78, 54,112,112, 77, 66, 56, 71, 65, 49, 85,100,
     73,119, 81, 89, 77, 66, 97, 65, 70, 77, 75, 97, 83,105, 69, 77,
     56,117,117, 68, 98,118, 86, 82, 85, 55, 75, 84, 66,114,106, 70,
     57, 43, 71, 50, 77, 65, 48, 71, 10, 67, 83,113, 71, 83, 73, 98,
     51, 68, 81, 69, 66, 66, 81, 85, 65, 65, 52, 71, 66, 65, 71, 71,
     72, 90, 77,121, 78,105,122,119, 98,120,112, 79,106,108, 99, 87,
    102, 66,109, 81,106,118,107,112, 76, 47, 69, 56,102, 67,108, 89,
     72, 65,122, 79,106, 83,102,117,109, 10, 87, 48, 66, 90,102, 72,
     47,100,103, 51, 54, 87,108, 55, 76, 79,110, 76, 72, 43, 51, 87,
    117,108, 97, 89, 72, 48, 86, 89, 97, 80, 84,114, 67, 69,114, 70,
     49,112, 70,122,104,118,109,116,114, 52, 89, 48, 66,101, 69,106,
     69,111, 66,120,120,119,106, 67, 86,101, 10,113,112, 81, 76, 49,
     51,110, 54,101, 53, 85, 86, 78, 81, 76, 52, 53, 73, 43,117, 88,
     56, 87, 50,106, 82,105,105, 48, 67,109,119,103, 53, 83, 57, 48,
     76, 70,103, 80,112,113, 78, 71,104, 90, 57,118, 99, 81,113,111,
    117,111, 83, 85, 74,107,110, 43, 99,114,117, 10, 45, 45, 45, 45,
     45, 69, 78, 68, 32, 67, 69, 82, 84, 73, 70, 73, 67, 65, 84, 69,
     45, 45, 45, 45, 45, 10, 45, 45, 45, 45, 45, 66, 69, 71, 73, 78,
     32, 82, 83, 65, 32, 80, 82, 73, 86, 65, 84, 69, 32, 75, 69, 89,
     45, 45, 45, 45, 45, 10, 77, 73, 73, 67, 87,119, 73, 66, 65, 65,
     75, 66,103, 81, 68, 70, 65, 50,110,119, 49,111,116, 97,106, 80,
     76,103, 57, 97, 82, 88, 66, 89, 88, 54, 79, 90, 99, 66,102, 90,
    105,108,107, 79,114,114, 79,108, 50, 83, 97, 81,113, 55, 53, 87,
     49, 55, 97, 66, 80,119, 10, 75,116,100, 81, 87, 51,106,121, 66,
     65,107,110,102, 98,102, 66, 87, 66, 82,108, 50, 85, 86, 66, 52,
    120, 81,117, 66, 87, 83, 87, 82, 75, 75, 86, 88, 49, 98, 82, 85,
     54, 83, 43,117,121, 85, 51, 43, 83, 73, 51, 47, 84,115, 76,105,
     83, 99, 85, 43, 55,116, 83, 10, 56,100,110, 89,121, 43, 90,112,
     55, 87, 69, 47,105,104,108, 66, 67, 57,113, 73, 66,114,108, 54,
    112, 47,110,104,119, 47,118,120,109, 48,116,113,103, 73, 80,101,
    107, 98, 76, 71, 80, 99, 71, 48,108, 57, 87, 72, 51, 85, 76, 66,
    105, 81, 73, 68, 65, 81, 65, 66, 10, 65,111, 71, 65,102, 89, 86,
     50, 83,119, 54, 50, 84, 75, 80, 43, 51,116,116, 67,115, 72,115,
     66, 97, 72, 75,109,120,106,108, 97, 78,121,113, 69,115,103,104,
     71,115, 57, 67,102, 71, 83, 88, 77,119,108, 75, 71, 87, 88, 57,
     67, 72, 90, 50, 97, 67,107, 65, 79, 10, 65, 81, 52, 49, 78, 69,
    100, 69, 47, 55,115, 86, 83, 67,120, 65,111, 67, 50,112, 98, 54,
     65,100, 73, 81, 88, 56,114, 84, 99, 68,119,120, 75, 54, 47,105,
    114, 76,117, 54, 71,114, 77, 57, 76, 54, 80,115, 56, 90, 72,100,
    118,115,120, 72,115, 49, 66, 98, 90,118, 10, 88, 77, 81, 52, 48,
    111, 74, 77, 50, 77, 80,117,105, 75, 47, 78, 65, 68, 56, 68,111,
     48,108, 77, 76, 73, 80, 49, 54,114,104, 84, 86,104, 98,112, 88,
    107, 75, 53,115, 49, 68, 68,119,111, 69, 67, 81, 81, 68,111,101,
     84, 50, 71, 50,109, 72, 56, 68, 43, 67, 43, 10, 65,119, 49, 47,
    108, 85, 69, 86,121,106,121,101, 53,116,116, 69, 98,113,105, 76,
     54,112, 86, 56, 74, 99, 86, 86,104, 99, 52, 74, 82,114, 88, 80,
     74, 49, 72,119, 43,105, 76, 83, 87, 82,120, 80, 70, 83,115,112,
    114, 90, 89, 53, 76, 69,111, 84,122,122, 82, 47, 10, 51, 51,104,
    122,122,101, 47, 53, 65,107, 69, 65, 50, 80, 78, 43,107, 52,111,
     81, 52, 78, 49,105, 79,122, 79, 54, 67, 55,100, 97, 90,106,114,
     74, 55, 65,104, 65, 68, 80, 75, 53, 87, 53, 72, 48, 80, 98, 78,
    110,109, 66, 50, 70, 90, 87,122,109,115,105,117, 50, 10, 87, 51,
    111,120,112, 54, 82, 72, 80, 74, 84, 71,118, 50,107,119,103, 49,
    115,116, 52, 67, 86, 70, 74, 57,118,116, 43, 53,122,105, 69, 81,
     74, 65, 99,112,101, 52, 53, 87, 49,109,109, 87,112, 50, 80, 82,
     79,105, 74,114, 54, 54, 50, 51, 80, 97, 70, 47, 88,121, 10, 74,
     98, 82,113, 98,114, 88, 79,119, 43,105, 87, 99,107, 98, 72,118,
    106,106, 86,121, 43,119, 48, 55,120, 86, 78, 55,117, 81,119, 71,
     83,100, 49, 74, 70, 70, 70, 50, 74, 55,108, 85, 81,104, 49,100,
     52, 98, 47,105, 65, 51, 43,101, 81, 74, 65,102, 70, 90, 81, 10,
     51, 77, 51,115, 68,110, 80, 83,115, 73,116, 99,118, 81,112, 65,
     84, 81, 97, 48, 89,119,110, 51, 97, 51, 82, 81,116,121, 74, 88,
     69, 71, 87, 90,111, 90,121, 74,114,121, 57, 83,113, 66,112, 86,
     85, 79,103,102, 80, 83,122,120,104,115, 55,100,101, 83, 89, 89,
     10, 72, 55, 66, 75, 65,111, 82, 90,116,104, 90,100,116,105, 54,
     98,103, 81, 74, 65,102, 52, 54,121, 50, 98,100, 56,102,120, 97,
     67, 90, 57, 53,102, 73, 98, 77, 53, 49,100,108, 50,103, 47,113,
    110,120,110, 70, 49,115, 65, 81,121, 53,106, 57, 66, 47, 53,119,
     99, 10, 66, 55, 84, 86,101,103, 77, 68,116,103,113, 89, 85,117,
    116, 65,105, 99, 66, 97, 86,107,109, 75,106,118,107, 73, 70,102,
     77,117, 52, 97,119, 75,106, 43, 85, 54, 66, 81, 61, 61, 10, 45,
     45, 45, 45, 45, 69, 78, 68, 32, 82, 83, 65, 32, 80, 82, 73, 86,
     65, 84, 69, 32, 75, 69, 89, 45, 45, 45, 45, 45, 10,
    0 };





S32 serverpem_len = 1981;
#endif


#if (JHW_TYPE==IETH804)

unsigned char serverpem[] = {
     45, 45, 45, 45, 45, 66, 69, 71, 73, 78, 32, 67, 69, 82, 84, 73,
     70, 73, 67, 65, 84, 69, 45, 45, 45, 45, 45, 10, 77, 73, 73, 67,
     47, 84, 67, 67, 65,109, 97,103, 65,119, 73, 66, 65,103, 73, 66,
     65, 68, 65, 78, 66,103,107,113,104,107,105, 71, 57,119, 48, 66,
     65, 81, 85, 70, 65, 68, 67, 66,107, 68, 69, 76, 77, 65,107, 71,
     65, 49, 85, 69, 66,104, 77, 67, 81, 48, 52,120, 10, 67,122, 65,
     74, 66,103, 78, 86, 66, 65,103, 84, 65,107,100, 69, 77, 81,115,
    119, 67, 81, 89, 68, 86, 81, 81, 72, 69,119, 74, 84, 87,106, 69,
     88, 77, 66, 85, 71, 65, 49, 85, 69, 67,104, 77, 79, 82, 48, 57,
     77, 82, 69, 86, 79, 73, 69,104, 74, 82, 48,104, 88, 10, 81, 86,
    107,120, 70, 84, 65, 84, 66,103, 78, 86, 66, 65,115, 85, 68, 65,
    108, 69, 90, 88, 90,108, 98, 71, 57,119, 98, 87, 86,117,100, 68,
     69, 88, 77, 66, 85, 71, 65, 49, 85, 69, 65,120, 77, 79, 82, 48,
     57, 77, 82, 69, 86, 79, 73, 69,104, 74, 82, 48,104, 88, 10, 81,
     86,107,120, 72,106, 65, 99, 66,103,107,113,104,107,105, 71, 57,
    119, 48, 66, 67, 81, 69, 87, 68, 50, 49,104, 97, 87,120, 65, 97,
    109,104, 51, 76,109, 78,118, 98, 83, 53,106, 98,106, 65,101, 70,
    119, 48,119, 79, 84, 65, 50, 77, 68, 81,119, 79, 68, 85, 52, 10,
     78, 84, 82, 97, 70,119, 48,120, 79, 84, 65, 50, 77, 68, 73,119,
     79, 68, 85, 52, 78, 84, 82, 97, 77, 72,115,120, 67,122, 65, 74,
     66,103, 78, 86, 66, 65, 89, 84, 65,107, 78, 79, 77, 81,115,119,
     67, 81, 89, 68, 86, 81, 81, 73, 69,119, 74, 72, 82, 68, 69, 88,
     10, 77, 66, 85, 71, 65, 49, 85, 69, 67,104, 77, 79, 82, 48, 57,
     77, 82, 69, 86, 79, 73, 69,104, 74, 82, 48,104, 88, 81, 86,107,
    120, 70, 68, 65, 83, 66,103, 78, 86, 66, 65,115, 84, 67, 48, 82,
    108,100,109, 86,115, 98, 51, 66,116, 90, 87, 53, 48, 77, 82, 65,
    119, 10, 68,103, 89, 68, 86, 81, 81, 68, 69,119,100, 74, 82, 86,
     82, 73, 79, 68, 65, 48, 77, 82, 52,119, 72, 65, 89, 74, 75,111,
     90, 73,104,118, 99, 78, 65, 81,107, 66, 70,103, 57,116, 89, 87,
    108,115, 81, 71,112,111,100,121, 53,106, 98, 50, 48,117, 89, 50,
     52,119, 10,103, 90, 56,119, 68, 81, 89, 74, 75,111, 90, 73,104,
    118, 99, 78, 65, 81, 69, 66, 66, 81, 65, 68,103, 89, 48, 65, 77,
     73, 71, 74, 65,111, 71, 66, 65, 78, 72, 50,109, 69, 57,102,107,
     66,104, 57, 54, 66, 85,114,122,109, 43, 68,120,114,118, 80, 97,
     77, 71, 69, 10, 56,120, 99, 78, 70, 68, 80,114,113,119, 47, 73,
    106, 50, 69, 76, 67, 85,106,116, 72,112, 78, 71, 99, 57,102, 84,
     72, 77,121, 71, 73, 55, 54, 56, 68, 99, 82,105, 73,119,114,111,
    100, 57,116, 89, 79, 90, 54, 48, 68,120, 47,109, 49, 90, 52, 83,
     81,107,116, 66, 10, 97, 56,107, 84, 90, 72,107, 82,120,111, 72,
     73, 80, 48, 68,102, 80, 72, 47,107,100, 78, 77, 68, 54, 89, 79,
     72,107,110, 52, 43,121, 84,112, 88,116, 80, 56,101, 52,122,118,
     52, 54,102,122, 55, 56, 72,114,103, 79, 87, 54, 50, 90, 87, 48,
     83, 89, 87, 99, 74, 10, 99,108,101,114, 89,118, 90, 69, 78, 71,
     68, 53,102,122, 66, 82, 65,103, 77, 66, 65, 65, 71,106,101,122,
     66, 53, 77, 65,107, 71, 65, 49, 85,100, 69,119, 81, 67, 77, 65,
     65,119, 76, 65, 89, 74, 89, 73, 90, 73, 65, 89, 98, 52, 81,103,
     69, 78, 66, 66, 56, 87, 10, 72, 85, 57,119, 90, 87, 53, 84, 85,
     48,119,103, 82, 50, 86,117, 90, 88, 74,104,100, 71, 86,107, 73,
     69, 78,108, 99,110, 82,112, 90,109,108,106, 89, 88, 82,108, 77,
     66, 48, 71, 65, 49, 85,100, 68,103, 81, 87, 66, 66, 82,107, 88,
     56, 70,119, 49,121, 73, 86, 10, 78,102, 79, 67,109, 98, 71, 76,
    110,121, 76, 75, 97, 80,121, 48, 56,106, 65,102, 66,103, 78, 86,
     72, 83, 77, 69, 71, 68, 65, 87,103, 66, 81,111,100,122, 52,100,
     75, 72, 47, 57, 55, 87, 49, 76, 84, 54, 52,117, 80, 98, 57,114,
     56,104, 68, 57, 89,122, 65, 78, 10, 66,103,107,113,104,107,105,
     71, 57,119, 48, 66, 65, 81, 85, 70, 65, 65, 79, 66,103, 81, 66,
     52, 85, 67,105, 77, 67, 75,102, 89, 83,111, 90, 76, 82,115,115,
     73,107, 80, 99,121,100,118, 43, 71,109, 97,109, 85,107, 77, 57,
     53, 80, 51, 47,114,122, 81, 77, 88, 10, 57, 79,115,114,105, 50,
    112,118,104, 53, 65, 74,102, 75, 81,100, 82, 47, 50, 89, 88, 86,
     86,120, 75, 68, 57,109, 56, 72,112, 53, 84, 69,122,117, 53, 88,
    104,103, 54, 83, 81, 67,111,107,106, 51, 54, 74,116, 54, 75,101,
     51, 68, 69,101,115, 84, 72,100, 69,118, 10, 86, 69,113, 88, 57,
     67, 90, 87,113,106, 47, 47,118,114,107,113, 75, 55, 90,114,119,
     98, 83, 87, 82, 50,104, 54, 50, 51, 52, 83, 67, 57,101, 75,121,
    112,101,118,113, 47, 68, 87, 48, 43,103,108,122,102, 85, 76, 85,
    111, 70, 51,120, 75, 52, 68, 70, 50, 70, 75, 10, 47, 65, 61, 61,
     10, 45, 45, 45, 45, 45, 69, 78, 68, 32, 67, 69, 82, 84, 73, 70,
     73, 67, 65, 84, 69, 45, 45, 45, 45, 45, 10, 45, 45, 45, 45, 45,
     66, 69, 71, 73, 78, 32, 82, 83, 65, 32, 80, 82, 73, 86, 65, 84,
     69, 32, 75, 69, 89, 45, 45, 45, 45, 45, 10, 77, 73, 73, 67, 88,
     65, 73, 66, 65, 65, 75, 66,103, 81, 68, 82, 57,112,104, 80, 88,
     53, 65, 89,102,101,103, 86, 75, 56, 53,118,103, 56, 97, 55,122,
     50,106, 66,104, 80, 77, 88, 68, 82, 81,122, 54, 54,115, 80,121,
     73, 57,104, 67,119,108, 73, 55, 82, 54, 84, 10, 82,110, 80, 88,
     48,120,122, 77,104,105, 79, 43,118, 65, 51, 69, 89,105, 77, 75,
     54, 72,102, 98, 87, 68,109,101,116, 65, 56,102, 53,116, 87,101,
     69,107, 74, 76, 81, 87,118, 74, 69, 50, 82, 53, 69, 99, 97, 66,
    121, 68, 57, 65, 51,122,120, 47, 53, 72, 84, 84, 10, 65, 43,109,
     68,104, 53, 74, 43, 80,115,107, 54, 86, 55, 84, 47, 72,117, 77,
     55, 43, 79,110, 56, 43, 47, 66, 54, 52, 68,108,117,116,109, 86,
    116, 69,109, 70,110, 67, 88, 74, 88,113, 50, 76, 50, 82, 68, 82,
    103, 43, 88, 56,119, 85, 81, 73, 68, 65, 81, 65, 66, 10, 65,111,
     71, 65, 83, 76, 90, 70,101, 80,100, 51, 82, 52, 81, 83, 52, 52,
     73, 81, 77, 55, 53, 72, 68, 76, 78, 47, 97, 56, 86, 72, 67,105,
    121, 86, 87,111, 87, 54, 55, 47, 82, 99, 56,120, 97, 72, 87, 75,
     73, 70,102, 75,116,104, 89,116, 84, 82,110, 71, 75, 51, 10, 55,
    107, 51,104, 49,113,106, 70,121,102,108, 72,121, 77, 90, 56, 55,
    101, 69,100,101, 56, 98, 78, 73,120,103,107,108,122, 69,111,111,
     88, 99, 86,111,104, 55, 86,121, 74,116,110,108, 52, 49, 75, 78,
    112, 80, 89,111, 65,120,106, 47, 75, 84,109, 99, 71, 50, 82, 10,
     48, 68,115, 55, 98, 68,117, 65,101, 81,103,101, 49,116,119, 69,
    107,102, 55, 52,107, 56, 90, 76, 50, 71, 75, 67,117, 82, 82, 48,
    107,112, 68, 43,119,116, 86, 79,113,105, 70,117, 83, 89, 69, 67,
     81, 81, 68,121, 72, 88, 97, 73, 73, 99, 66,107,102, 89,122, 43,
     10, 43,109, 50,102, 66,119,105,105,110, 83,119, 77,122, 54, 65,
     81,119, 51, 50, 70, 68, 47, 88, 99, 99, 48, 51, 75, 68, 88, 43,
    110, 99,122, 78, 84,121, 54, 55, 51,117,107, 54,122,102,110,119,
     73, 82,107, 75, 65, 81, 98, 49,107, 67,106,101,115,100, 67, 65,
     47, 10, 67, 50, 82, 81, 70, 48, 51,108, 65,107, 69, 65, 51,103,
     69, 97, 51, 78,103,103, 86, 65,116,100, 76,100, 53, 43, 81, 43,
     49,104, 97, 50, 57,101, 86, 79, 98,118, 56, 67, 65, 79, 90, 69,
    113, 71,116,118, 79,117,103, 82, 72, 55,106, 97,120, 67,113, 80,
     47, 47, 10, 78, 85, 76,114, 69,120, 76, 56,122, 75, 65, 52, 67,
     78, 98,107, 84,120, 80, 68, 53, 71, 78, 51, 50, 54, 74,122,103,
     71, 56, 82, 47, 81, 74, 65, 80,119, 52, 70, 84, 76, 98,100,107,
     69, 53, 83, 90,105, 86, 54, 88,121,120, 74,120, 50, 47, 47,104,
     79, 97,100, 10, 51, 84, 47, 77,100, 78, 99, 80, 82, 80, 97, 83,
    106, 56,105,115, 77,107, 81, 67, 88,104, 82,120, 52, 80,113, 89,
    102, 73, 54, 52, 90,114, 57, 70,109,110,109, 69,104, 89, 86, 84,
    115,111,111, 98,121, 56, 57, 47,116, 73,119,100, 77, 81, 74, 65,
     86, 97, 43, 90, 10,102, 97,110, 82,101, 72, 55, 87, 88, 82, 68,
    109, 76, 84, 79,102, 67, 85,100, 51, 52,107, 56,115, 82,115, 77,
    111,113,116, 55, 48, 57,103, 74, 66, 49, 85, 70,113,108, 84,106,
    113,108, 97, 52, 82, 65, 54, 54,114, 97,114, 90, 71, 97,110,104,
    103,105, 70, 68,103, 10, 50, 65, 67,112, 43, 67,110, 73, 74,106,
     97,105, 87, 43, 48, 67,120, 81, 74, 66, 65, 76, 85, 97, 47,102,
     77, 67, 57, 52, 55,111, 81, 56, 73,102,115, 55, 43, 69,102, 50,
     65, 81, 67,108, 97, 55,101, 69, 69, 83, 53, 71, 87, 57,119,106,
     52, 78, 84,112, 77, 86, 10,122, 78, 79,120,107,108,110, 73, 86,
     55,117,122, 75,108,109,106,116,103, 71,106, 84, 70,106,105, 88,
    106,114,101,106, 49, 49, 49, 50, 88, 57,110, 67, 99, 68,121, 84,
     81, 99, 61, 10, 45, 45, 45, 45, 45, 69, 78, 68, 32, 82, 83, 65,
     32, 80, 82, 73, 86, 65, 84, 69, 32, 75, 69, 89, 45, 45, 45, 45,
     45,
    0 };
    
    S32 serverpem_len = 1985;
#endif

#if (JHW_TYPE==IETH8000)

unsigned char serverpem[] = {
     45, 45, 45, 45, 45, 66, 69, 71, 73, 78, 32, 67, 69, 82, 84, 73,
     70, 73, 67, 65, 84, 69, 45, 45, 45, 45, 45, 13, 10, 77, 73, 73,
     68,112,122, 67, 67, 65,120, 67,103, 65,119, 73, 66, 65,103, 73,
     66, 65, 84, 65, 78, 66,103,107,113,104,107,105, 71, 57,119, 48,
     66, 65, 81, 81, 70, 65, 68, 67, 66,106,122, 69, 76, 77, 65,107,
     71, 65, 49, 85, 69, 66,104, 77, 67, 81, 48, 52,120, 13, 10, 67,
    122, 65, 74, 66,103, 78, 86, 66, 65,103, 84, 65,107,100, 69, 77,
     81,115,119, 67, 81, 89, 68, 86, 81, 81, 72, 69,119, 74, 84, 87,
    106, 69, 88, 77, 66, 85, 71, 65, 49, 85, 69, 67,104, 77, 79, 82,
     48, 57, 77, 82, 69, 86, 79, 73, 69,104, 74, 82, 48,104, 88, 13,
     10, 81, 86,107,120, 70, 68, 65, 83, 66,103, 78, 86, 66, 65,115,
     84, 67, 48, 82,108,100,109, 86,115, 98, 51, 66,116, 90, 87, 53,
     48, 77, 82, 99,119, 70, 81, 89, 68, 86, 81, 81, 68, 69,119, 53,
     72, 84, 48,120, 69, 82, 85, 52,103, 83, 69,108, 72, 83, 70,100,
     66, 13, 10, 87, 84, 69,101, 77, 66,119, 71, 67, 83,113, 71, 83,
     73, 98, 51, 68, 81, 69, 74, 65, 82, 89, 80, 98, 87, 70,112, 98,
     69, 66,113, 97, 72, 99,117, 89, 50, 57,116, 76,109, 78,117, 77,
     66, 52, 88, 68, 84, 65, 53, 77, 68, 81,120, 78, 68, 65, 53, 77,
     68, 89,119, 13, 10, 77, 86,111, 88, 68, 84, 69, 53, 77, 68, 81,
    120, 77,106, 65, 53, 77, 68, 89,119, 77, 86,111,119,102, 68, 69,
     76, 77, 65,107, 71, 65, 49, 85, 69, 66,104, 77, 67, 81, 48, 52,
    120, 67,122, 65, 74, 66,103, 78, 86, 66, 65,103, 84, 65,107,100,
     69, 77, 82, 99,119, 13, 10, 70, 81, 89, 68, 86, 81, 81, 75, 69,
    119, 53, 72, 84, 48,120, 69, 82, 85, 52,103, 83, 69,108, 72, 83,
     70,100, 66, 87, 84, 69, 85, 77, 66, 73, 71, 65, 49, 85, 69, 67,
    120, 77, 76, 82, 71, 86, 50, 90, 87,120,118, 99, 71, 49,108, 98,
    110, 81,120, 69, 84, 65, 80, 13, 10, 66,103, 78, 86, 66, 65, 77,
     84, 67, 69,108, 70, 86, 69,103, 52, 77, 68, 65,119, 77, 82, 52,
    119, 72, 65, 89, 74, 75,111, 90, 73,104,118, 99, 78, 65, 81,107,
     66, 70,103, 57,116, 89, 87,108,115, 81, 71,112,111,100,121, 53,
    106, 98, 50, 48,117, 89, 50, 52,119, 13, 10,103, 90, 56,119, 68,
     81, 89, 74, 75,111, 90, 73,104,118, 99, 78, 65, 81, 69, 66, 66,
     81, 65, 68,103, 89, 48, 65, 77, 73, 71, 74, 65,111, 71, 66, 65,
     77, 50, 86, 88, 98,117, 75, 50, 57, 99,110, 43, 82, 66,118,118,
     85, 49,105,116,117, 81,119, 54,109, 89, 89, 13, 10, 57,120, 54,
    110,117, 90,102, 75,102, 50, 68,118, 51,114, 52, 77, 89, 70, 98,
     50,116, 84, 55,122, 77,105, 50, 72,111, 66, 55,119,102, 51, 56,
     43, 97,121,114, 65, 84, 88, 79, 49, 43, 79, 73, 88, 66, 49, 54,
     71, 86, 75, 55, 55, 72,122, 52, 76, 78, 73,107, 81, 13, 10, 57,
    103,114, 51,105, 43,103, 86, 53, 53,114,100, 50, 98,118, 55, 77,
    100, 47, 52, 52, 77, 89, 78,103, 77, 68, 50,113, 81, 68,102,120,
     51, 90,113, 55, 55,112, 76, 77,111,114, 84,104, 75, 53,122,107,
     78,120, 87,120,105, 88, 82, 53, 68,117, 73, 78, 43, 65, 67, 13,
     10, 52, 55,105,108,117,108, 65, 51,100, 47, 53, 98, 79, 87, 53,
    110, 65,103, 77, 66, 65, 65, 71,106,103,103, 69,106, 77, 73, 73,
     66, 72,122, 65, 74, 66,103, 78, 86, 72, 82, 77, 69, 65,106, 65,
     65, 77, 67,119, 71, 67, 87, 67, 71, 83, 65, 71, 71, 43, 69, 73,
     66, 13, 10, 68, 81, 81,102, 70,104, 49, 80, 99, 71, 86,117, 85,
     49, 78, 77, 73, 69,100,108, 98,109, 86,121, 89, 88, 82,108, 90,
     67, 66, 68, 90, 88, 74, 48, 97, 87, 90,112, 89, 50, 70, 48, 90,
     84, 65,100, 66,103, 78, 86, 72, 81, 52, 69, 70,103, 81, 85, 89,
     54, 73,105, 13, 10, 80, 82, 69, 77,112,105,122, 70, 84, 51, 88,
     71, 53, 88,111, 69, 66, 78,109, 47, 98, 69,103,119,103, 99, 81,
     71, 65, 49, 85,100, 73,119, 83, 66,118, 68, 67, 66,117, 89, 65,
     85, 78,103,117, 50, 79,121, 67, 75, 72,111, 56,116, 89, 86,121,
    105, 78, 87, 74, 65, 13, 10, 65, 97, 51,100, 78, 71, 50,104,103,
     90, 87,107,103, 90, 73,119,103, 89, 56,120, 67,122, 65, 74, 66,
    103, 78, 86, 66, 65, 89, 84, 65,107, 78, 79, 77, 81,115,119, 67,
     81, 89, 68, 86, 81, 81, 73, 69,119, 74, 72, 82, 68, 69, 76, 77,
     65,107, 71, 65, 49, 85, 69, 13, 10, 66,120, 77, 67, 85, 49,111,
    120, 70,122, 65, 86, 66,103, 78, 86, 66, 65,111, 84, 68,107,100,
     80, 84, 69, 82, 70, 84,105, 66, 73, 83, 85,100, 73, 86, 48, 70,
     90, 77, 82, 81,119, 69,103, 89, 68, 86, 81, 81, 76, 69,119,116,
     69, 90, 88, 90,108, 98, 71, 57,119, 13, 10, 98, 87, 86,117,100,
     68, 69, 88, 77, 66, 85, 71, 65, 49, 85, 69, 65,120, 77, 79, 82,
     48, 57, 77, 82, 69, 86, 79, 73, 69,104, 74, 82, 48,104, 88, 81,
     86,107,120, 72,106, 65, 99, 66,103,107,113,104,107,105, 71, 57,
    119, 48, 66, 67, 81, 69, 87, 68, 50, 49,104, 13, 10, 97, 87,120,
     65, 97,109,104, 51, 76,109, 78,118, 98, 83, 53,106, 98,111, 73,
     74, 65, 78,104, 80, 79, 99,102, 73, 69, 74, 72, 85, 77, 65, 48,
     71, 67, 83,113, 71, 83, 73, 98, 51, 68, 81, 69, 66, 66, 65, 85,
     65, 65, 52, 71, 66, 65, 76,114, 99,110, 83, 43,119, 13, 10, 82,
     81, 78, 56,104, 72, 67, 75, 47, 86, 55, 67, 84, 52,107, 71, 51,
    103, 67, 83,102,113,119,100,103, 81, 80,103, 80,110,108, 78,110,
     86,116, 84,119, 86, 86, 81, 69, 55, 69,120, 49,111, 75, 86,119,
     85, 97, 67, 79, 49,103, 48,122, 49,104, 56, 57, 72,108, 72, 13,
     10, 89,114, 84, 67, 90, 82, 52,112,100, 81, 57, 49, 89, 83, 80,
    101,122, 90, 48,109, 54,109,107,118, 89, 73, 50, 70,121, 88, 79,
     75,101, 89, 72,107, 67, 71, 88,122, 67, 56,105, 75,106, 85, 80,
    113, 73,100, 53,121, 71, 82,106, 72, 55,106,112,111, 72, 65, 98,
     98, 13, 10, 77, 90, 74,106, 51, 51,112, 75, 49, 47, 76,118,104,
    110,106,101, 52, 86,116,101,121, 80, 85, 82, 78,119, 76, 73, 53,
    101, 83,102,102, 79,120, 88, 13, 10, 45, 45, 45, 45, 45, 69, 78,
     68, 32, 67, 69, 82, 84, 73, 70, 73, 67, 65, 84, 69, 45, 45, 45,
     45, 45, 13, 10, 45, 45, 45, 45, 45, 66, 69, 71, 73, 78, 32, 82,
     83, 65, 32, 80, 82, 73, 86, 65, 84, 69, 32, 75, 69, 89, 45, 45,
     45, 45, 45, 13, 10, 77, 73, 73, 67, 88,103, 73, 66, 65, 65, 75,
     66,103, 81, 68, 78,108, 86, 50, 55,105,116,118, 88, 74, 47,107,
     81, 98, 55, 49, 78, 89,114, 98,107, 77, 79,112,109, 71, 80, 99,
    101,112, 55,109, 88,121,110, 57,103, 55, 57, 54, 43, 68, 71, 66,
     87, 57,114, 85, 43, 13, 10, 56,122, 73,116,104, 54, 65,101, 56,
     72, 57, 47, 80,109,115,113,119, 69, 49,122,116,102,106,105, 70,
    119,100,101,104,108, 83,117, 43,120, 56, 43, 67,122, 83, 74, 69,
     80, 89, 75, 57, 52,118,111, 70,101,101, 97, 51,100,109, 55, 43,
    122, 72,102, 43, 79, 68, 71, 13, 10, 68, 89, 68, 65, 57,113,107,
     65, 51, 56,100, 50, 97,117, 43, 54, 83,122, 75, 75, 48, 52, 83,
    117, 99, 53, 68, 99, 86,115, 89,108, 48,101, 81, 55,105, 68,102,
    103, 65,117, 79, 52,112, 98,112, 81, 78, 51,102, 43, 87,122,108,
    117, 90,119, 73, 68, 65, 81, 65, 66, 13, 10, 65,111, 71, 65, 84,
     65, 78, 50, 98, 79,109,105, 55, 54, 76,119, 68, 73,118, 69, 83,
    117, 67, 57, 68,120, 75,110, 71, 75,107, 83,100,108,115, 57, 51,
     69,111, 98, 88,120, 82, 83, 72, 54, 77,106, 51, 65, 80, 77, 99,
     69, 73,114,119, 51,110,113, 85,111, 90, 75, 13, 10, 72,104,112,
     79, 78, 98,104, 48, 54,116,118, 86, 56,111, 76,104, 84,113,111,
     77,108, 99, 90, 48,102,105,113,118, 50,109, 72,109, 77,106, 83,
    121, 48, 98,101, 84, 43, 43, 65, 83, 83, 65, 68, 50,120, 99, 82,
     83,118, 69, 55,107, 69, 72,113,116, 80, 99, 82, 67, 13, 10,119,
     89,101,108, 57,114,104,121, 69,117, 43, 99, 68, 99, 90,111,112,
    102,119, 50, 47, 54,120, 54, 55, 51, 77, 75, 81, 68,106,117, 69,
     82, 89,113, 99, 55, 67, 79, 52,111,120, 65,102, 89, 69, 67, 81,
     81, 68,109, 79, 80,110, 77, 74, 51,117,110, 43, 70, 82, 55, 13,
     10,111, 74, 65, 85, 53, 54,100,102, 67,112, 87, 81, 98, 69,120,
     97,103, 85,113,108,120, 48,103, 68, 90, 49, 55, 55, 87, 80, 50,
    113,110,107, 74, 43,104, 73,111, 81,101, 70,110,119, 89, 54,114,
    106, 56, 97, 87, 65, 90,104, 70, 53, 47, 78, 76, 68, 98, 70, 70,
     56, 13, 10, 75, 72, 89, 66,109,120, 90, 74, 65,107, 69, 65, 53,
     74,111,107,114, 78, 99,106, 71, 87, 55, 85, 74,100, 97, 90, 85,
    106,103, 54, 99, 71, 77, 79,110, 48,122, 47, 53, 78,118, 78,106,
     78, 80,119, 57,114, 48,113, 50, 87,105, 98,114,115, 85, 68, 81,
     54, 57, 48, 13, 10, 53, 55,102,120, 47,113, 70,110, 88,112, 83,
     80, 57, 51, 49,115,122, 78, 56, 69, 81, 43, 73, 51,108, 70, 74,
     74, 56, 97, 71,102, 76,119, 74, 66, 65, 74,119, 51,107, 82,106,
     56,117, 97, 87,121,108,102, 69, 70,100, 72, 56, 97, 54, 98, 70,
     79, 66, 48,114,109, 13, 10,107, 98, 68,103, 66,110, 48, 84, 67,
    107, 82, 49, 65,106,104,102,110, 70, 69, 72, 55,109,114, 88, 71,
     76, 65,119, 87,105, 99, 75, 71,107, 49,117, 68, 84, 86,104, 68,
     80, 55, 80,108, 86,120, 82,120, 99, 69, 80, 50, 51, 77,102,102,
    122, 69, 67, 81, 81, 68, 66, 13, 10, 81, 52,102,113, 68, 57, 47,
     43,113,110, 72, 48,111, 49, 55,118, 52,100, 87, 87, 71,107,106,
     77, 97, 74, 54, 87, 98,122, 86,120, 55, 43, 82,120, 49, 83, 43,
     97,113,104, 79,107, 82, 54, 56,103, 48, 47, 56,122,118, 53, 70,
     53, 81,104, 57, 81, 71, 75, 48, 50, 13, 10, 65, 80, 87,119,112,
    111, 76, 71,109, 85, 78, 47,119, 54,110, 55, 47, 68, 88, 70, 65,
    107, 69, 65,109,100, 88,102, 82,118, 88,115,106,121, 55, 67, 71,
    117,104,101,110, 48, 68, 53, 43,115, 66, 97, 49,122,109, 57, 79,
     54, 97,103, 49, 80, 50, 65, 74,104,102, 70, 13, 10,114,118, 84,
    115, 78, 78,111, 51,106, 79, 74, 83, 55, 83, 51, 66,100,111, 52,
     47,120,116,106, 82, 85, 89, 52, 68, 99, 73, 50, 78,114,108,105,
    105,118, 72, 79, 56, 67, 82, 81, 77, 83,103, 61, 61, 13, 10, 45,
     45, 45, 45, 45, 69, 78, 68, 32, 82, 83, 65, 32, 80, 82, 73, 86,
     65, 84, 69, 32, 75, 69, 89, 45, 45, 45, 45, 45, 13, 10, 13, 10,
    0 };





S32 serverpem_len = 2256;

#endif
